21.04890251159668
21.32621955871582
19.685462951660156
18.193065643310547
18.534076690673828
20.68073272705078
20.750112533569336
18.600500106811523
21.052310943603516
18.655126571655273
19.191272735595703
17.51136016845703
18.496994018554688
21.100866317749023
20.621845245361328
20.252458572387695
19.885400772094727
21.05891990661621
20.91507911682129
19.73359489440918
19.4044246673584
20.761075973510742
20.040332794189453
20.410524368286133
18.61049461364746
21.29572105407715
21.341163635253906
20.891542434692383
18.969038009643555
21.394357681274414
21.25736427307129
20.783737182617188
21.203533172607422
21.086566925048828
21.033342361450195
20.84383773803711
20.852325439453125
21.15331268310547
20.914575576782227
20.490184783935547
21.118986129760742
0805
24.113046646118164
0805
25.599864959716797
0805
24.555177688598633
0805
25.129972457885742
0805
24.916454315185547
0805
24.172534942626953
0806
22.79812240600586
0806
21.34156608581543
0806
22.72706413269043
0806
23.389230728149414
0806
24.163862228393555
0806
22.019969940185547
0806
23.60528564453125
0806
22.77342414855957
0806
22.579919815063477
0806
22.31470489501953
0806
13.292695999145508
0806
23.867477416992188
0806
23.976215362548828
0806
24.21232032775879
0806
24.53902816772461
0806
23.908845901489258
0806
23.69774055480957
0806
23.327167510986328
0806
22.449480056762695
0806
23.6204891204834
0806
23.7383975982666
0806
22.44036102294922
0808
24.06707191467285
0808
24.75349998474121
0808
23.10538101196289
0808
24.586904525756836
0808
23.40594482421875
0808
25.40855598449707
0808
24.522890090942383
0808
24.33525848388672
0809
11.829625129699707
0809
21.343536376953125
0809
23.392833709716797
0809
24.893898010253906
0809
22.9007625579834
0810
18.941905975341797
0810
19.660173416137695
0810
18.030481338500977
0810
18.837291717529297
0810
17.992048263549805
0810
18.560712814331055
0810
18.65142822265625
0810
18.584064483642578
0810
16.16897964477539
0810
18.407527923583984
0810
17.405065536499023
0810
24.932979583740234
0810
16.25383186340332
0810
21.751976013183594
0810
24.932979583740234
0810_stage17
PSNR:21.447608947753906

0810_stage17
PSNR:24.704282760620117

0810_stage17
PSNR:23.931121826171875

0810_stage17
PSNR:23.819313049316406

0810_epoch2_gamma0.26
20.64255714416504

0810_epoch3_gamma0.26
21.03045654296875

0810_epoch2_gamma0.24
20.132190704345703

0810_epoch3_gamma0.24
20.491178512573242

0810_epoch4_gamma0.24
20.8370361328125

0810_epoch5_gamma0.24
20.665788650512695

0810_epoch6_gamma0.24
20.75066375732422

0810_epoch7_gamma0.24
20.880088806152344

0810_epoch8_gamma0.24
20.485797882080078

0810_epoch9_gamma0.24
20.622772216796875

0810_epoch10_gamma0.24
20.514240264892578

0810_epoch2_gamma0.26
20.874210357666016

0810_epoch3_gamma0.26
21.132192611694336

0810_epoch4_gamma0.26
20.791162490844727

0810_epoch5_gamma0.26
20.36957359313965

0810_epoch6_gamma0.26
20.87332534790039

0810_epoch7_gamma0.26
20.866958618164062

0810_epoch8_gamma0.26
20.560718536376953

